01,大学英语(泛读),,108,4
02,大学英语(精读),01,108,4
03,电子商务,09,36,2
04,高等数学,,54,3
05,管理信息系统,09,36,2
06,国际金融,17,54,4
07,宏观经济学,,54,4
08,会计学,15,108,4
09,计算机应用基础,,108,4
10,经济法,,54,3
11,商法,10,54,3
12,思想道德修养,,36,2
13,体育,,36,2
14,英语听力,,54,3
15,微观经济学,,72,4
16,物流管理,07,54,3
17,金融学,,72,4
18,财务管理,,72,4
19,法语,,108,4
20,日语,,108,4
21,旅游管理,,72,4
22,初级财会,,54,3
23,中级财会,,54,3
24,审计,,54,3
25,高级才会,,54,3
26,管理会计,,36,2
27,成本会计,,54,3
28,外贸会计,,54,3
29,会计电算化,,54,3
30,英文会计,,54,3
31,纳税实务,,36,2
32,会计新制度,,54,3
33,美学原理,,36,2
34,西乐欣赏,,54,3
35,戏曲小说,,36,2
36,民乐欣赏,,54,3
37,唐诗鉴赏,,36,2
38,大学语文,,54,3
39,汉语写作,,36,2
40,VB程序设计,,54,3
41,PB程序设计,,36,2
42,网络网页制作,,54,3
43,英语口语,,36,2
44,高级英语听说,,54,3
45,英语外刊,,36,2
46,英语函电,,54,3
47,英语应用文,,36,2
48,修辞与写作,,54,3
49,阅读与欣赏,,36,2
50,翻译,,54,3
51,口译,,36,2
52,英语写作,,54,3
53,英美文学,,36,2
54,营销专业英语,,54,3
55,会计专业英语,,36,2
56,投资专业英语,,54,3
57,二外(英),,36,2
58,英语会话,,54,3
59,商务礼仪,,36,2
60,英语强化,,54,3
61,商务英语,,36,2
62,英语阅读,,54,3
63,英汉笔译,,36,2
64,英美文学,,54,3
65,英美概况,,36,2
66,公司理财,,54,3
67,法语精读,,36,2
68,法语听说,,54,3
69,法语泛读,,36,2
70,口译与谈判,,54,3
71,经贸应用文,,36,2
72,法语外刊,,54,3
73,法语笔译,,36,2
74,法语阅读,,54,3
75,二外(法),,36,2
76,今日法国,,54,3
77,基础法语,,36,2
78,传统文化,,54,3
79,欧美文学,,36,2
80,现代文学,,54,3
81,管理学原理,,36,2
82,国际企业管理,,54,3
83,组织行为学,,36,2
84,人力资源,,54,3
85,公共关系学,,36,2
86,统计学,,54,3
87,管理科学,,36,2
88,概率论,,54,3
89,合作,,36,2
90,国际投资,,54,3
91,可行性研究,,36,2
92,投资企业,,54,3
93,国际租赁,,36,2
94,服务贸易,,54,3
95,工程承包,,36,2
96,技术转让,,54,3
97,知识产权,,36,2
98,跨国公司,,54,3
99,国际贸易法,,54,3
